32.196836
26.799917
23.673738
22.08887
20.24331
20.137333
32.450399
38.504536
34.886932
30.053821
23.152757
22.141072
26.309098
23.108203
21.954799
30.237209
23.098815
22.104597
23.078849
21.884726
20.635991
23.580082
20.459172
20.19297
24.615621
27.423646
25.09076
24.389918
31.297548
26.285219
34.752938
31.445298
29.796807
22.890658
24.628442
23.538129
22.538573
31.026011
24.676147
20.83456
22.470693
20.522875
25.571441
24.388539
22.549952
27.306825
24.785626
21.588172
25.776975
26.221316
23.35775
36.415366
30.39593
27.45738
36.905693
27.363795
28.369637
26.295552
24.680871
27.574666
27.31156
24.974906
36.996083
21.98902
23.204331
22.826447
22.045887
21.24216
25.373617
26.662475
25.319065
28.127265
35.179867
43.114376
30.042012
29.471814
36.292374
26.654839
31.807512
33.215324
33.890656
31.298475
26.934731
30.041522
33.426465
29.681486
29.557092
31.231818
31.51412
30.798463
32.548267
30.697426
33.72492
29.946323
31.106685
31.222039
27.628564
29.377024
29.203313
30.131472
30.973243
30.832073
33.293737
34.499296
33.070348
27.844723
28.731073
29.509623
29.480127
35.018356
32.071903
29.121736
30.938124
33.968214
29.655782
30.558528
28.471623
31.988095
30.254743
35.352612
33.089573
33.45901
33.820731
26.212066
28.256515
30.252948
29.260711
31.042599
33.405529
30.020371
33.993308
30.869009
30.875713
29.548514
31.138555
33.380394
30.89188
35.37611
31.651328
30.58215
31.489554
29.523703
30.092977
33.453668